255 3840 3855 13107 21845 
255 3855 13056 13107 21845 
255 3855 13107 21760 21845 
255 3855 13107 21845 22015 
255 771 3855 13107 21845 
255 1285 3855 13107 21845 
255 3855 4095 13107 21845 
255 2570 3855 13107 21845 
255 3084 3855 13107 21845 
15 255 3855 13107 21845 
255 3855 4369 13107 21845 
255 3855 8738 13107 21845 
170 255 3855 13107 21845 
255 3855 13107 21845 21930 
255 3855 12336 13107 21845 
51 255 3855 13107 21845 
255 3855 13107 15420 21845 
255 3855 13107 16191 21845 
255 3855 13107 17476 21845 
204 255 3855 13107 21845 
255 3855 13107 13260 21845 
255 3855 13107 20560 21845 
85 255 3855 13107 21845 
255 3855 13107 21845 23130 
255 3855 13107 21845 24415 
255 3855 13107 21845 26214 
240 255 3855 13107 21845 
255 3855 4080 13107 21845 
255 3855 13107 21845 30583 
255 3855 13107 13311 21845 
