0 255 3840 3855 13107 21845 
255 3840 3840 3855 13107 21845 
255 3840 3855 13056 13107 21845 
255 3840 3855 13107 13311 21845 
255 3840 3855 13107 21760 21845 
255 3840 3855 13107 21845 22015 
255 768 3840 3855 13107 21845 
255 3072 3840 3855 13107 21845 
255 3840 3855 4095 13107 21845 
255 1280 3840 3855 13107 21845 
255 771 3840 3855 13107 21845 
255 1285 3840 3855 13107 21845 
255 3084 3840 3855 13107 21845 
255 2570 3840 3855 13107 21845 
15 255 3840 3855 13107 21845 
255 3840 3855 3855 13107 21845 
255 3840 3855 4369 13107 21845 
255 3840 3855 8738 13107 21845 
170 255 3840 3855 13107 21845 
255 3840 3855 13107 21845 21930 
255 3840 3855 12336 13107 21845 
51 255 3840 3855 13107 21845 
255 3840 3855 12339 13107 21845 
255 3840 3855 13107 16179 21845 
255 3840 3855 13107 15411 21845 
255 3840 3855 13107 15420 21845 
255 3840 3855 13107 16191 21845 
255 3840 3855 13107 17476 21845 
204 255 3840 3855 13107 21845 
255 3840 3855 13107 13260 21845 
255 3840 3855 13107 20560 21845 
255 2560 3840 3855 13107 21845 
85 255 3840 3855 13107 21845 
255 3840 3855 13107 20565 21845 
255 3840 3855 13107 21845 24405 
255 3840 3855 13107 21845 23125 
255 3840 3855 13107 21845 23130 
255 3840 3855 13107 21845 24415 
255 3840 3855 13107 21845 26214 
240 255 3840 3855 13107 21845 
255 3840 3855 4080 13107 21845 
255 3840 3855 13107 21845 30583 
255 255 3840 3855 13107 21845 
255 3840 3855 13056 13107 21845 
0 255 3855 13056 13107 21845 
255 3855 13056 13056 13107 21845 
255 3855 13056 13107 13311 21845 
255 3855 13056 13107 21760 21845 
255 3855 13056 13107 21845 22015 
255 768 3855 13056 13107 21845 
255 3855 12288 13056 13107 21845 
255 3855 4095 13056 13107 21845 
255 771 3855 13056 13107 21845 
255 1285 3855 13056 13107 21845 
255 2570 3855 13056 13107 21845 
255 3084 3855 13056 13107 21845 
255 3855 4352 13056 13107 21845 
15 255 3855 13056 13107 21845 
255 3087 3855 13056 13107 21845 
255 3855 13056 13107 16143 21845 
255 3855 13056 13107 15375 21845 
255 3855 8704 13056 13107 21845 
255 3855 4369 13056 13107 21845 
255 3855 8738 13056 13107 21845 
170 255 3855 13056 13107 21845 
255 3855 13056 13107 21845 21930 
255 3855 12336 13056 13107 21845 
51 255 3855 13056 13107 21845 
255 3855 13056 13107 13107 21845 
255 3855 13056 13107 15420 21845 
255 3855 13056 13107 16191 21845 
255 3855 13056 13107 17476 21845 
204 255 3855 13056 13107 21845 
255 3855 13056 13107 13260 21845 
255 3855 13056 13107 20560 21845 
85 255 3855 13056 13107 21845 
255 3855 13056 13107 17493 21845 
255 3855 13056 13107 21845 30549 
255 3855 13056 13107 21845 26197 
255 3855 13056 13107 21845 23130 
255 3855 13056 13107 21845 24415 
255 3855 13056 13107 21845 26214 
240 255 3855 13056 13107 21845 
255 3855 4080 13056 13107 21845 
255 3855 13056 13107 21845 30583 
255 255 3855 13056 13107 21845 
255 3840 3855 13107 21760 21845 
255 3855 13056 13107 21760 21845 
0 255 3855 13107 21760 21845 
255 3855 13107 21760 21760 21845 
255 255 3855 13107 21760 21845 
255 3855 13107 21760 21845 22015 
255 771 3855 13107 21760 21845 
255 3855 4095 13107 21760 21845 
255 1280 3855 13107 21760 21845 
255 3855 13107 20480 21760 21845 
255 1285 3855 13107 21760 21845 
255 2570 3855 13107 21760 21845 
255 3084 3855 13107 21760 21845 
255 3855 4352 13107 21760 21845 
15 255 3855 13107 21760 21845 
255 2575 3855 13107 21760 21845 
255 3855 13107 21760 21845 24335 
255 3855 13107 21760 21845 23055 
255 3855 4369 13107 21760 21845 
255 3855 13107 17408 21760 21845 
255 3855 8738 13107 21760 21845 
170 255 3855 13107 21760 21845 
255 3855 13107 21760 21845 21930 
255 3855 12336 13107 21760 21845 
51 255 3855 13107 21760 21845 
255 3855 8755 13107 21760 21845 
255 3855 13107 21760 21845 30515 
255 3855 13107 21760 21845 26163 
255 3855 13107 15420 21760 21845 
255 3855 13107 16191 21760 21845 
255 3855 13107 17476 21760 21845 
204 255 3855 13107 21760 21845 
255 3855 13107 13260 21760 21845 
255 3855 13107 20560 21760 21845 
85 255 3855 13107 21760 21845 
255 3855 13107 21760 21845 21845 
255 3855 13107 21760 21845 23130 
255 3855 13107 21760 21845 24415 
255 3855 13107 21760 21845 26214 
240 255 3855 13107 21760 21845 
255 3855 4080 13107 21760 21845 
255 3855 13107 21760 21845 30583 
255 3855 13107 13311 21760 21845 
255 3840 3855 13107 21845 22015 
255 3855 13056 13107 21845 22015 
255 3855 13107 21760 21845 22015 
255 3855 13107 21845 22015 22015 
255 255 3855 13107 21845 22015 
0 255 3855 13107 21845 22015 
255 771 3855 13107 21845 22015 
255 3855 4095 13107 21845 22015 
255 1285 3855 13107 21845 22015 
255 2560 3855 13107 21845 22015 
255 2570 3855 13107 21845 22015 
255 3084 3855 13107 21845 22015 
15 255 3855 13107 21845 22015 
255 1295 3855 13107 21845 22015 
255 3855 4369 13107 21845 22015 
255 3855 8704 13107 21845 22015 
255 3855 8738 13107 21845 22015 
170 255 3855 13107 21845 22015 
255 3855 13107 21845 21930 22015 
255 3855 12336 13107 21845 22015 
51 255 3855 13107 21845 22015 
255 3855 4403 13107 21845 22015 
255 3855 13107 21845 22015 30719 
255 3855 13107 15420 21845 22015 
255 3855 13107 16191 21845 22015 
255 3855 13107 17476 21845 22015 
204 255 3855 13107 21845 22015 
255 3855 13107 13260 21845 22015 
255 3855 13107 17612 21845 22015 
255 3855 13107 21845 22015 26316 
255 3855 13107 20560 21845 22015 
85 255 3855 13107 21845 22015 
255 3855 13107 21845 21845 22015 
255 3855 13107 21845 22015 23130 
255 3855 13107 21845 22015 24415 
255 3855 13107 21845 22015 26214 
240 255 3855 13107 21845 22015 
255 3855 4080 13107 21845 22015 
255 3855 13107 20720 21845 22015 
255 3855 13107 21845 22015 23280 
255 3855 13107 21845 22015 30583 
255 3855 13107 21845 22015 24575 
255 3855 13107 13311 21845 22015 
255 768 771 3855 13107 21845 
255 771 3840 3855 13107 21845 
255 771 3855 13056 13107 21845 
3 255 771 3855 13107 21845 
255 771 3855 13107 13311 21845 
255 771 3855 13107 21760 21845 
255 771 3855 13107 21845 22015 
255 771 771 3855 13107 21845 
255 771 1023 3855 13107 21845 
0 255 771 3855 13107 21845 
255 257 771 3855 13107 21845 
255 514 771 3855 13107 21845 
255 771 3084 3855 13107 21845 
255 771 1285 3855 13107 21845 
255 771 2570 3855 13107 21845 
15 255 771 3855 13107 21845 
255 771 3855 3855 13107 21845 
255 771 3855 4369 13107 21845 
255 771 3855 8738 13107 21845 
170 255 771 3855 13107 21845 
255 771 3855 13107 21845 21930 
255 771 3855 12336 13107 21845 
51 255 771 3855 13107 21845 
255 771 3855 13107 13107 21845 
255 771 3855 13107 15420 21845 
255 771 3855 13107 16191 21845 
255 771 3855 13107 17476 21845 
204 255 771 3855 13107 21845 
255 771 3855 13107 13260 21845 
255 771 3855 13107 20560 21845 
255 771 3855 13107 21588 21845 
85 255 771 3855 13107 21845 
255 771 3855 13107 21845 22102 
255 771 3855 13107 21845 22359 
255 771 3855 13107 21845 23130 
255 771 3855 13107 21845 24415 
255 771 3855 13107 21845 26214 
240 255 771 3855 13107 21845 
255 771 3855 4080 13107 21845 
255 771 3855 13107 21845 30583 
252 255 771 3855 13107 21845 
255 771 1020 3855 13107 21845 
255 771 3855 4095 13107 21845 
255 1280 1285 3855 13107 21845 
255 1285 3840 3855 13107 21845 
255 1285 3855 13056 13107 21845 
255 1285 3855 13107 13311 21845 
255 1285 3855 13107 21760 21845 
5 255 1285 3855 13107 21845 
255 1285 3855 13107 21845 22015 
255 1285 1285 3855 13107 21845 
255 1285 1535 3855 13107 21845 
0 255 1285 3855 13107 21845 
255 1285 2570 3855 13107 21845 
255 1028 1285 3855 13107 21845 
255 771 1285 3855 13107 21845 
255 1285 3084 3855 13107 21845 
255 257 1285 3855 13107 21845 
15 255 1285 3855 13107 21845 
255 1285 3855 3855 13107 21845 
255 1285 3855 4369 13107 21845 
255 1285 3855 8738 13107 21845 
170 255 1285 3855 13107 21845 
255 1285 3855 13107 21845 21930 
255 1285 3855 12336 13107 21845 
255 1285 3855 12850 13107 21845 
51 255 1285 3855 13107 21845 
255 1285 3855 13107 13878 21845 
255 1285 3855 13107 14135 21845 
255 1285 3855 13107 15420 21845 
255 1285 3855 13107 16191 21845 
255 1285 3855 13107 17476 21845 
204 255 1285 3855 13107 21845 
255 1285 3855 13107 13260 21845 
255 1285 3855 13107 20560 21845 
85 255 1285 3855 13107 21845 
255 1285 3855 13107 21845 21845 
255 1285 3855 13107 21845 23130 
255 1285 3855 13107 21845 24415 
255 1285 3855 13107 21845 26214 
240 255 1285 3855 13107 21845 
255 1285 3855 4080 13107 21845 
255 1285 3855 13107 21845 30583 
250 255 1285 3855 13107 21845 
255 1285 1530 3855 13107 21845 
255 1285 3855 4095 13107 21845 
255 3840 3855 4095 13107 21845 
0 255 3855 4095 13107 21845 
255 3855 4095 13056 13107 21845 
255 3855 4095 13107 13311 21845 
255 3855 4095 13107 21760 21845 
255 3855 4095 13107 21845 22015 
255 771 3855 4095 13107 21845 
255 3855 4095 4095 13107 21845 
255 1285 3855 4095 13107 21845 
255 3855 4095 12288 13107 21845 
255 2570 3855 4095 13107 21845 
255 3084 3855 4095 13107 21845 
15 255 3855 4095 13107 21845 
255 3855 3855 4095 13107 21845 
255 3855 4095 4369 13107 21845 
255 3855 4095 13107 20480 21845 
255 3855 4095 8738 13107 21845 
170 255 3855 4095 13107 21845 
255 3855 4095 13107 21845 21930 
255 2730 3855 4095 13107 21845 
255 3855 4095 13107 21845 23210 
255 3855 4095 12336 13107 21845 
51 255 3855 4095 13107 21845 
255 819 3855 4095 13107 21845 
255 3855 4095 13107 15420 21845 
255 3855 4095 13107 16191 21845 
255 3855 4095 13107 17476 21845 
204 255 3855 4095 13107 21845 
255 3855 4095 13107 13260 21845 
255 3276 3855 4095 13107 21845 
255 3855 4095 13107 15564 21845 
255 3855 4095 13107 20560 21845 
85 255 3855 4095 13107 21845 
255 1365 3855 4095 13107 21845 
255 3855 4095 13107 21845 23130 
255 3855 4095 13107 21845 24415 
255 3855 4095 13107 21845 26214 
240 255 3855 4095 13107 21845 
255 3855 4080 4095 13107 21845 
255 3855 4095 13107 21845 30583 
255 3855 4095 13107 16383 21845 
255 3855 4095 13107 21845 24575 
255 255 3855 4095 13107 21845 
255 2560 2570 3855 13107 21845 
255 2570 3840 3855 13107 21845 
255 2570 3855 13056 13107 21845 
255 2570 3855 13107 13311 21845 
255 2570 3855 13107 21760 21845 
255 2570 3855 13107 21845 22015 
255 1285 2570 3855 13107 21845 
255 2570 2815 3855 13107 21845 
0 255 2570 3855 13107 21845 
255 514 2570 3855 13107 21845 
10 255 2570 3855 13107 21845 
255 2570 2570 3855 13107 21845 
255 2056 2570 3855 13107 21845 
255 2570 3084 3855 13107 21845 
15 255 2570 3855 13107 21845 
255 2570 3855 3855 13107 21845 
255 2570 3855 4369 13107 21845 
255 2570 3855 8738 13107 21845 
255 771 2570 3855 13107 21845 
170 255 2570 3855 13107 21845 
255 2570 3855 13107 21845 21930 
255 2570 3855 12336 13107 21845 
255 2570 3855 12593 13107 21845 
51 255 2570 3855 13107 21845 
255 2570 3855 13107 14649 21845 
255 2570 3855 13107 15163 21845 
255 2570 3855 13107 15420 21845 
255 2570 3855 13107 16191 21845 
255 2570 3855 13107 17476 21845 
204 255 2570 3855 13107 21845 
255 2570 3855 13107 13260 21845 
255 2570 3855 13107 20560 21845 
85 255 2570 3855 13107 21845 
255 2570 3855 13107 21845 21845 
255 2570 3855 13107 21845 23130 
255 2570 3855 13107 21845 24415 
255 2570 3855 13107 21845 26214 
240 255 2570 3855 13107 21845 
255 2570 3855 4080 13107 21845 
245 255 2570 3855 13107 21845 
255 2570 2805 3855 13107 21845 
255 2570 3855 13107 21845 30583 
255 2570 3855 4095 13107 21845 
255 3072 3084 3855 13107 21845 
255 3084 3840 3855 13107 21845 
255 3084 3855 13056 13107 21845 
255 3084 3855 13107 13311 21845 
255 3084 3855 13107 21760 21845 
255 3084 3855 13107 21845 22015 
255 771 3084 3855 13107 21845 
255 3084 3327 3855 13107 21845 
0 255 3084 3855 13107 21845 
255 1028 3084 3855 13107 21845 
255 2056 3084 3855 13107 21845 
255 1285 3084 3855 13107 21845 
12 255 3084 3855 13107 21845 
255 3084 3084 3855 13107 21845 
255 2570 3084 3855 13107 21845 
15 255 3084 3855 13107 21845 
255 3084 3855 3855 13107 21845 
255 3084 3855 4369 13107 21845 
255 3084 3855 8738 13107 21845 
170 255 3084 3855 13107 21845 
255 3084 3855 13107 21845 21930 
255 3084 3855 12336 13107 21845 
51 255 3084 3855 13107 21845 
255 3084 3855 13107 13107 21845 
255 3084 3855 13107 15420 21845 
255 3084 3855 13107 16191 21845 
255 3084 3855 13107 17476 21845 
204 255 3084 3855 13107 21845 
255 3084 3855 13107 13260 21845 
255 3084 3855 13107 20560 21845 
255 3084 3855 13107 20817 21845 
85 255 3084 3855 13107 21845 
255 3084 3855 13107 21845 22873 
255 3084 3855 13107 21845 23130 
255 3084 3855 13107 21845 23901 
255 3084 3855 13107 21845 24415 
255 3084 3855 13107 21845 26214 
240 255 3084 3855 13107 21845 
255 3084 3855 4080 13107 21845 
243 255 3084 3855 13107 21845 
255 3084 3315 3855 13107 21845 
255 3084 3855 13107 21845 30583 
255 3084 3855 4095 13107 21845 
0 15 255 3855 13107 21845 
15 255 3840 3855 13107 21845 
15 255 3855 13056 13107 21845 
3 15 255 3855 13107 21845 
15 255 3855 13107 13311 21845 
5 15 255 3855 13107 21845 
15 255 255 3855 13107 21845 
15 255 3855 13107 21760 21845 
15 255 3855 13107 21845 22015 
15 255 771 3855 13107 21845 
10 15 255 3855 13107 21845 
15 255 1285 3855 13107 21845 
12 15 255 3855 13107 21845 
15 255 3084 3855 13107 21845 
15 255 2570 3855 13107 21845 
15 255 3855 3855 13107 21845 
15 15 255 3855 13107 21845 
15 255 3855 4369 13107 21845 
15 255 3855 8738 13107 21845 
15 170 255 3855 13107 21845 
15 255 3855 13107 21845 21930 
15 255 3855 13104 13107 21845 
15 255 3855 12336 13107 21845 
15 51 255 3855 13107 21845 
15 255 3855 13107 13116 21845 
15 255 3855 13107 15420 21845 
15 255 3855 13107 13119 21845 
15 255 3855 13107 16191 21845 
15 255 3855 13107 17476 21845 
15 204 255 3855 13107 21845 
15 255 3855 13107 13260 21845 
15 255 3855 13107 21840 21845 
15 255 3855 13107 20560 21845 
15 85 255 3855 13107 21845 
15 255 3855 13107 21845 21850 
15 255 3855 13107 21845 23130 
15 255 3855 13107 21845 21855 
15 255 3855 13107 21845 24415 
15 255 3855 13107 21845 26214 
15 240 255 3855 13107 21845 
15 255 3855 4080 13107 21845 
15 255 3855 13107 21845 30583 
15 255 3855 4095 13107 21845 
255 3840 3855 4369 13107 21845 
255 3855 4352 4369 13107 21845 
255 3855 4369 13056 13107 21845 
255 3855 4369 13107 13311 21845 
255 3855 4369 13107 21760 21845 
255 3855 4369 13107 21845 22015 
255 257 3855 4369 13107 21845 
255 3855 4095 4369 13107 21845 
255 771 3855 4369 13107 21845 
255 1285 3855 4369 13107 21845 
255 2570 3855 4369 13107 21845 
0 255 3855 4369 13107 21845 
255 3084 3855 4369 13107 21845 
255 3598 3855 4369 13107 21845 
15 255 3855 4369 13107 21845 
255 3855 4112 4369 13107 21845 
17 255 3855 4369 13107 21845 
255 3855 4369 4369 13107 21845 
255 3855 4369 7710 13107 21845 
255 3855 4369 7967 13107 21845 
255 3855 4369 8738 13107 21845 
170 255 3855 4369 13107 21845 
255 3855 4369 13107 21845 21930 
255 3855 4369 12336 13107 21845 
51 255 3855 4369 13107 21845 
255 3855 4369 13107 13107 21845 
255 3855 4369 13107 15420 21845 
255 3855 4369 13107 16191 21845 
255 3855 4369 13107 17476 21845 
204 255 3855 4369 13107 21845 
255 3855 4369 13107 13260 21845 
255 3855 4369 13107 20560 21845 
85 255 3855 4369 13107 21845 
255 3855 4369 13107 21845 21845 
255 3855 4369 13107 21845 23130 
255 3855 4369 13107 21845 24415 
255 3855 4369 13107 21845 26214 
238 255 3855 4369 13107 21845 
255 3855 4369 4590 13107 21845 
240 255 3855 4369 13107 21845 
255 3855 4080 4369 13107 21845 
255 3855 4369 13107 21845 30583 
255 3855 4369 4607 13107 21845 
255 3840 3855 8738 13107 21845 
255 3855 8704 8738 13107 21845 
255 3855 8738 13056 13107 21845 
255 3855 8738 13107 13311 21845 
255 3855 8738 13107 21760 21845 
255 3855 8738 13107 21845 22015 
255 514 3855 8738 13107 21845 
255 3855 4095 8738 13107 21845 
255 771 3855 8738 13107 21845 
255 1285 3855 8738 13107 21845 
255 2570 3855 8738 13107 21845 
0 255 3855 8738 13107 21845 
255 3084 3855 8738 13107 21845 
255 3341 3855 8738 13107 21845 
15 255 3855 8738 13107 21845 
255 3855 4369 8738 13107 21845 
255 3855 8224 8738 13107 21845 
34 255 3855 8738 13107 21845 
255 3855 8738 8738 13107 21845 
170 255 3855 8738 13107 21845 
255 3855 8738 13107 21845 21930 
255 3855 8738 11565 13107 21845 
255 3855 8738 12079 13107 21845 
255 3855 8738 12336 13107 21845 
51 255 3855 8738 13107 21845 
255 3855 8738 13107 13107 21845 
255 3855 8738 13107 15420 21845 
255 3855 8738 13107 16191 21845 
255 3855 8738 13107 17476 21845 
204 255 3855 8738 13107 21845 
255 3855 8738 13107 13260 21845 
255 3855 8738 13107 20560 21845 
85 255 3855 8738 13107 21845 
255 3855 8738 13107 21845 21845 
255 3855 8738 13107 21845 23130 
221 255 3855 8738 13107 21845 
255 3855 8738 8925 13107 21845 
255 3855 8738 13107 21845 24415 
255 3855 8738 13107 21845 26214 
240 255 3855 8738 13107 21845 
255 3855 4080 8738 13107 21845 
255 3855 8738 13107 21845 30583 
255 3855 8738 8959 13107 21845 
0 170 255 3855 13107 21845 
170 255 3840 3855 13107 21845 
170 255 3855 4095 13107 21845 
170 255 255 3855 13107 21845 
170 255 3855 13056 13107 21845 
170 255 3845 3855 13107 21845 
170 255 3855 13107 13311 21845 
170 255 3855 13107 21760 21845 
136 170 255 3855 13107 21845 
170 255 771 3855 13107 21845 
10 170 255 3855 13107 21845 
170 255 1285 3855 13107 21845 
170 255 3084 3855 13107 21845 
170 255 2570 3855 13107 21845 
15 170 255 3855 13107 21845 
170 255 3855 13073 13107 21845 
170 255 3855 4369 13107 21845 
170 255 3855 13107 13209 21845 
160 170 255 3855 13107 21845 
34 170 255 3855 13107 21845 
170 255 3855 8738 13107 21845 
170 255 3855 4005 13107 21845 
170 170 255 3855 13107 21845 
170 255 3855 13107 21845 21930 
170 255 3855 4015 13107 21845 
170 255 3855 12336 13107 21845 
51 170 255 3855 13107 21845 
170 255 3855 13107 13243 21845 
170 255 3855 13107 15420 21845 
170 255 3855 13107 16191 21845 
170 255 3855 13107 17476 21845 
170 204 255 3855 13107 21845 
170 255 3855 13107 13260 21845 
170 255 3855 13107 20560 21845 
85 170 255 3855 13107 21845 
170 255 3855 13107 21845 21845 
170 255 3855 13107 21845 23130 
170 255 3855 13107 21845 24415 
170 255 3855 13107 21845 26214 
170 240 255 3855 13107 21845 
170 255 3855 4080 13107 21845 
170 255 3855 13107 21845 30583 
170 255 3855 13107 21845 22015 
255 3840 3855 13107 21845 21930 
255 3855 13056 13107 21845 21930 
255 3855 13107 21760 21845 21930 
255 3855 13107 21845 21930 22015 
255 771 3855 13107 21845 21930 
255 1285 3855 13107 21845 21930 
255 3855 4095 13107 21845 21930 
255 2565 3855 13107 21845 21930 
255 3855 13107 17544 21845 21930 
255 255 3855 13107 21845 21930 
255 2570 3855 13107 21845 21930 
255 1290 3855 13107 21845 21930 
255 3084 3855 13107 21845 21930 
15 255 3855 13107 21845 21930 
255 3855 4369 13107 21845 21930 
255 3855 8721 13107 21845 21930 
255 3855 13107 21845 21930 26265 
255 3855 13107 20640 21845 21930 
255 3855 8738 13107 21845 21930 
255 3855 4386 13107 21845 21930 
255 3855 13107 21845 21930 23205 
170 255 3855 13107 21845 21930 
255 3855 13107 21845 21930 21930 
255 3855 13107 21845 21930 24495 
255 3855 12336 13107 21845 21930 
51 255 3855 13107 21845 21930 
255 3855 13107 21845 21930 30651 
255 3855 13107 15420 21845 21930 
255 3855 13107 16191 21845 21930 
255 3855 13107 17476 21845 21930 
204 255 3855 13107 21845 21930 
255 3855 13107 13260 21845 21930 
255 3855 13107 20560 21845 21930 
85 255 3855 13107 21845 21930 
255 3855 13107 21845 21845 21930 
255 3855 13107 21845 21930 23130 
255 3855 13107 21845 21930 24415 
255 3855 13107 21845 21930 26214 
240 255 3855 13107 21845 21930 
255 3855 4080 13107 21845 21930 
255 3855 13107 21845 21930 30583 
255 3855 13107 13311 21845 21930 
255 3840 3855 12336 13107 21845 
255 3855 12288 12336 13107 21845 
255 3855 12336 13056 13107 21845 
255 3855 12336 13107 13311 21845 
255 3855 12336 13107 21760 21845 
255 3855 12336 13107 21845 22015 
0 255 3855 12336 13107 21845 
255 3855 4095 12336 13107 21845 
255 771 3855 12336 13107 21845 
255 1285 3855 12336 13107 21845 
255 2570 3855 12336 13107 21845 
255 3084 3855 12336 13107 21845 
15 255 3855 12336 13107 21845 
255 3855 3855 12336 13107 21845 
255 3855 4112 12336 13107 21845 
255 3855 4369 12336 13107 21845 
255 3855 8224 12336 13107 21845 
255 3855 8738 12336 13107 21845 
170 255 3855 12336 13107 21845 
255 3855 12336 13107 21845 21930 
48 255 3855 12336 13107 21845 
255 3855 12336 12336 13107 21845 
51 255 3855 12336 13107 21845 
255 3855 12336 13107 13107 21845 
255 3855 12336 13107 15420 21845 
255 3855 12336 13107 16191 21845 
255 3855 12336 13107 17476 21845 
255 3855 12336 13107 17733 21845 
204 255 3855 12336 13107 21845 
255 3855 12336 13107 13260 21845 
207 255 3855 12336 13107 21845 
255 3855 12336 12495 13107 21845 
255 3855 12336 13107 20560 21845 
85 255 3855 12336 13107 21845 
255 3855 12336 13107 21845 23130 
255 3855 12336 13107 21845 24415 
255 3855 12336 13107 21845 25957 
255 3855 12336 13107 21845 26214 
240 255 3855 12336 13107 21845 
255 3855 4080 12336 13107 21845 
255 3855 12336 13107 21845 30069 
255 3855 12336 13107 21845 30583 
255 3855 12336 12543 13107 21845 
0 51 255 3855 13107 21845 
51 255 3855 13056 13107 21845 
51 255 3840 3855 13107 21845 
3 51 255 3855 13107 21845 
51 255 3855 13107 13311 21845 
51 255 255 3855 13107 21845 
51 255 3855 13107 21760 21845 
51 255 3855 13107 21845 22015 
51 255 771 3855 13107 21845 
51 255 1285 3855 13107 21845 
51 255 2570 3855 13107 21845 
51 255 3852 3855 13107 21845 
51 255 3084 3855 13107 21845 
15 51 255 3855 13107 21845 
17 51 255 3855 13107 21845 
51 255 3855 4369 13107 21845 
34 51 255 3855 13107 21845 
51 255 3855 8738 13107 21845 
51 170 255 3855 13107 21845 
51 255 3855 13107 21845 21930 
48 51 255 3855 13107 21845 
51 255 3855 12336 13107 21845 
51 51 255 3855 13107 21845 
51 255 3855 13107 13107 21845 
51 255 3855 3900 13107 21845 
51 255 3855 13107 15420 21845 
51 255 3855 3903 13107 21845 
51 255 3855 13107 16191 21845 
51 255 3855 13107 21828 21845 
51 255 3855 13107 17476 21845 
51 204 255 3855 13107 21845 
51 255 3855 13107 13260 21845 
51 255 3855 13107 20560 21845 
51 85 255 3855 13107 21845 
51 255 3855 13107 21845 23130 
51 255 3855 13107 21845 24415 
51 255 3855 13107 21845 21862 
51 255 3855 13107 21845 26214 
51 240 255 3855 13107 21845 
51 255 3855 4080 13107 21845 
51 255 3855 13107 21845 21879 
51 255 3855 13107 21845 30583 
51 255 3855 4095 13107 21845 
255 3840 3855 13107 15420 21845 
255 3855 13056 13107 15420 21845 
255 3855 13107 15360 15420 21845 
255 3855 13107 15420 15615 21845 
255 3855 13107 15420 21760 21845 
255 3855 13107 15420 21845 22015 
255 771 3855 13107 15420 21845 
255 3855 4095 13107 15420 21845 
255 1285 3855 13107 15420 21845 
255 2570 3855 13107 15420 21845 
255 3084 3855 13107 15420 21845 
15 255 3855 13107 15420 21845 
255 3855 3855 13107 15420 21845 
255 3855 4369 13107 15420 21845 
255 3855 5140 13107 15420 21845 
255 3855 8738 13107 15420 21845 
255 3855 10280 13107 15420 21845 
170 255 3855 13107 15420 21845 
255 3855 13107 15420 21845 21930 
255 3855 12336 13107 15420 21845 
51 255 3855 13107 15420 21845 
255 3855 13107 13107 15420 21845 
60 255 3855 13107 15420 21845 
255 3855 13107 15420 15420 21845 
255 3855 13107 15420 16191 21845 
255 3855 13107 15420 16705 21845 
195 255 3855 13107 15420 21845 
255 3855 13107 15420 15555 21845 
255 3855 13107 15420 17476 21845 
204 255 3855 13107 15420 21845 
255 3855 13107 13260 15420 21845 
255 3855 13107 15420 20560 21845 
85 255 3855 13107 15420 21845 
255 3855 13107 15420 21845 23130 
255 3855 13107 15420 21845 24415 
255 3855 13107 15420 21845 26214 
255 3855 13107 15420 21845 26985 
240 255 3855 13107 15420 21845 
255 3855 4080 13107 15420 21845 
255 3855 13107 15420 21845 30583 
255 3855 13107 15420 21845 32125 
255 3855 13107 13311 15420 21845 
255 3840 3855 13107 16191 21845 
255 3855 13056 13107 16191 21845 
255 3855 13107 16128 16191 21845 
255 3855 13107 16191 16383 21845 
255 3855 13107 16191 21760 21845 
255 771 3855 13107 16191 21845 
255 3855 13107 16191 21845 22015 
255 3855 4095 13107 16191 21845 
0 255 3855 13107 16191 21845 
255 1285 3855 13107 16191 21845 
255 2570 3855 13107 16191 21845 
255 3084 3855 13107 16191 21845 
15 255 3855 13107 16191 21845 
255 3855 3855 13107 16191 21845 
255 3855 4369 13107 16191 21845 
255 3855 5397 13107 16191 21845 
255 3855 8738 13107 16191 21845 
170 255 3855 13107 16191 21845 
255 3855 13107 16191 21845 21930 
255 3855 10794 13107 16191 21845 
255 3855 12336 13107 16191 21845 
51 255 3855 13107 16191 21845 
255 3855 13107 13107 16191 21845 
255 3855 13107 15420 16191 21845 
63 255 3855 13107 16191 21845 
192 255 3855 13107 16191 21845 
255 3855 13107 16191 16320 21845 
255 3855 13107 16191 16191 21845 
255 3855 13107 16191 16448 21845 
255 3855 13107 16191 17476 21845 
204 255 3855 13107 16191 21845 
255 3855 13107 13260 16191 21845 
255 3855 13107 16191 20560 21845 
85 255 3855 13107 16191 21845 
255 3855 13107 16191 21845 23130 
255 3855 13107 16191 21845 24415 
255 3855 13107 16191 21845 26214 
255 3855 13107 16191 21845 27242 
240 255 3855 13107 16191 21845 
255 3855 4080 13107 16191 21845 
255 3855 13107 16191 21845 30583 
255 3855 13107 16191 21845 32639 
255 3855 13107 13311 16191 21845 
255 3840 3855 13107 17476 21845 
255 3855 13056 13107 17476 21845 
255 3855 13107 17408 17476 21845 
255 3855 13107 17476 17663 21845 
255 3855 13107 17476 21760 21845 
255 3855 13107 17476 21845 22015 
255 771 3855 13107 17476 21845 
255 3855 4095 13107 17476 21845 
255 1028 3855 13107 17476 21845 
255 1285 3855 13107 17476 21845 
255 2570 3855 13107 17476 21845 
255 2827 3855 13107 17476 21845 
255 3084 3855 13107 17476 21845 
0 255 3855 13107 17476 21845 
15 255 3855 13107 17476 21845 
255 3855 4369 13107 17476 21845 
255 3855 8738 13107 17476 21845 
170 255 3855 13107 17476 21845 
255 3855 13107 17476 21845 21930 
255 3855 12336 13107 17476 21845 
51 255 3855 13107 17476 21845 
255 3855 13107 13107 17476 21845 
187 255 3855 13107 17476 21845 
255 3855 13107 17476 17595 21845 
255 3855 13107 15420 17476 21845 
255 3855 13107 16191 17476 21845 
255 3855 13107 16448 17476 21845 
68 255 3855 13107 17476 21845 
255 3855 13107 17476 17476 21845 
255 3855 13107 17476 19275 21845 
204 255 3855 13107 17476 21845 
255 3855 13107 13260 17476 21845 
255 3855 13107 17476 20303 21845 
255 3855 13107 17476 20560 21845 
85 255 3855 13107 17476 21845 
255 3855 13107 17476 21845 21845 
255 3855 13107 17476 21845 23130 
255 3855 13107 17476 21845 24415 
255 3855 13107 17476 21845 26214 
240 255 3855 13107 17476 21845 
255 3855 4080 13107 17476 21845 
255 3855 13107 17476 21845 30583 
255 3855 13107 13311 17476 21845 
0 204 255 3855 13107 21845 
204 255 3840 3855 13107 21845 
204 255 3855 4095 13107 21845 
204 255 3843 3855 13107 21845 
204 255 3855 13056 13107 21845 
204 255 255 3855 13107 21845 
204 255 3855 13107 21760 21845 
204 255 3855 13107 21845 22015 
136 204 255 3855 13107 21845 
204 255 771 3855 13107 21845 
204 255 1285 3855 13107 21845 
204 255 2570 3855 13107 21845 
12 204 255 3855 13107 21845 
204 255 3084 3855 13107 21845 
15 204 255 3855 13107 21845 
204 255 3855 13107 21777 21845 
204 255 3855 4369 13107 21845 
204 255 3855 13107 21845 21913 
204 255 3855 8738 13107 21845 
170 204 255 3855 13107 21845 
204 255 3855 13107 21845 21930 
204 255 3855 12336 13107 21845 
51 204 255 3855 13107 21845 
204 255 3855 13107 13107 21845 
204 255 3855 13107 15420 21845 
204 255 3855 13107 16191 21845 
192 204 255 3855 13107 21845 
204 255 3855 4035 13107 21845 
68 204 255 3855 13107 21845 
204 255 3855 13107 17476 21845 
204 204 255 3855 13107 21845 
204 255 3855 13107 13260 21845 
204 255 3855 4047 13107 21845 
204 255 3855 13107 20560 21845 
85 204 255 3855 13107 21845 
204 255 3855 13107 21845 23130 
204 255 3855 13107 21845 21981 
204 255 3855 13107 21845 24415 
204 255 3855 13107 21845 26214 
204 240 255 3855 13107 21845 
204 255 3855 4080 13107 21845 
204 255 3855 13107 21845 30583 
204 255 3855 13107 13311 21845 
255 3840 3855 13107 13260 21845 
255 3855 13056 13107 13260 21845 
255 3855 13107 13260 21760 21845 
255 3855 13107 13260 21845 22015 
255 771 3855 13107 13260 21845 
255 3855 4095 13107 13260 21845 
255 3075 3855 13107 13260 21845 
255 1285 3855 13107 13260 21845 
255 255 3855 13107 13260 21845 
255 3855 8840 13107 13260 21845 
255 2570 3855 13107 13260 21845 
255 3084 3855 13107 13260 21845 
255 780 3855 13107 13260 21845 
15 255 3855 13107 13260 21845 
255 3855 4369 13107 13260 21845 
255 3855 13107 13260 17425 21845 
255 3855 13107 13260 21845 26265 
255 3855 8738 13107 13260 21845 
170 255 3855 13107 13260 21845 
255 3855 13107 13260 21845 21930 
255 3855 12336 13107 13260 21845 
51 255 3855 13107 13260 21845 
255 3855 13107 13107 13260 21845 
255 3855 13107 13260 15420 21845 
255 3855 13107 13260 16191 21845 
255 3855 12480 13107 13260 21845 
255 3855 13107 13260 15555 21845 
255 3855 13107 13260 17476 21845 
255 3855 4420 13107 13260 21845 
204 255 3855 13107 13260 21845 
255 3855 13107 13260 13260 21845 
255 3855 13107 13260 16335 21845 
255 3855 13107 13260 20560 21845 
85 255 3855 13107 13260 21845 
255 3855 13107 13260 21845 23130 
255 3855 13107 13260 21845 30685 
255 3855 13107 13260 21845 24415 
255 3855 13107 13260 21845 26214 
240 255 3855 13107 13260 21845 
255 3855 4080 13107 13260 21845 
255 3855 13107 13260 21845 30583 
255 3855 13107 13260 13311 21845 
255 3840 3855 13107 20560 21845 
255 3855 13056 13107 20560 21845 
255 3855 13107 20480 20560 21845 
255 3855 13107 20560 20735 21845 
255 3855 13107 20560 21760 21845 
255 3855 13107 20560 21845 22015 
255 771 3855 13107 20560 21845 
255 3855 4095 13107 20560 21845 
0 255 3855 13107 20560 21845 
255 1285 3855 13107 20560 21845 
255 2570 3855 13107 20560 21845 
255 3084 3855 13107 20560 21845 
15 255 3855 13107 20560 21845 
255 3855 3855 13107 20560 21845 
255 3855 4112 13107 20560 21845 
255 3855 4369 13107 20560 21845 
255 3855 8738 13107 20560 21845 
255 3855 8995 13107 20560 21845 
170 255 3855 13107 20560 21845 
255 3855 13107 20560 21845 21930 
175 255 3855 13107 20560 21845 
255 3855 13107 20560 20655 21845 
255 3855 12336 13107 20560 21845 
51 255 3855 13107 20560 21845 
255 3855 13107 15420 20560 21845 
255 3855 13107 16191 20560 21845 
255 3855 13107 16448 20560 21845 
255 3855 13107 17476 20560 21845 
204 255 3855 13107 20560 21845 
255 3855 13107 13260 20560 21845 
80 255 3855 13107 20560 21845 
255 3855 13107 20560 20560 21845 
85 255 3855 13107 20560 21845 
255 3855 13107 20560 21845 21845 
255 3855 13107 20560 21845 23130 
255 3855 13107 20560 21845 24415 
255 3855 13107 20560 21845 25443 
255 3855 13107 20560 21845 26214 
240 255 3855 13107 20560 21845 
255 3855 4080 13107 20560 21845 
255 3855 13107 20560 21845 29555 
255 3855 13107 20560 21845 30583 
255 3855 13107 13311 20560 21845 
0 85 255 3855 13107 21845 
85 255 3855 13107 21760 21845 
85 255 3840 3855 13107 21845 
85 255 255 3855 13107 21845 
85 255 3855 13056 13107 21845 
5 85 255 3855 13107 21845 
85 255 3855 13107 13311 21845 
85 255 3855 13107 21845 22015 
85 255 771 3855 13107 21845 
85 255 1285 3855 13107 21845 
85 255 3850 3855 13107 21845 
85 255 2570 3855 13107 21845 
85 255 3084 3855 13107 21845 
15 85 255 3855 13107 21845 
17 85 255 3855 13107 21845 
85 255 3855 4369 13107 21845 
85 255 3855 13090 13107 21845 
85 255 3855 8738 13107 21845 
85 170 255 3855 13107 21845 
85 255 3855 13107 21845 21930 
85 255 3855 12336 13107 21845 
51 85 255 3855 13107 21845 
85 255 3855 13107 15420 21845 
85 255 3855 13107 16191 21845 
68 85 255 3855 13107 21845 
85 255 3855 13107 17476 21845 
85 204 255 3855 13107 21845 
85 255 3855 13107 13260 21845 
80 85 255 3855 13107 21845 
85 255 3855 13107 20560 21845 
85 85 255 3855 13107 21845 
85 255 3855 13107 21845 21845 
85 255 3855 3930 13107 21845 
85 255 3855 13107 21845 23130 
85 255 3855 3935 13107 21845 
85 255 3855 13107 21845 24415 
85 255 3855 13107 13158 21845 
85 255 3855 13107 21845 26214 
85 240 255 3855 13107 21845 
85 255 3855 4080 13107 21845 
85 255 3855 13107 13175 21845 
85 255 3855 13107 21845 30583 
85 255 3855 4095 13107 21845 
255 3840 3855 13107 21845 23130 
255 3855 13056 13107 21845 23130 
255 3855 13107 21760 21845 23130 
255 3855 13107 21845 22015 23130 
255 3855 13107 21845 23040 23130 
255 3855 13107 21845 23130 23295 
255 771 3855 13107 21845 23130 
255 3855 4095 13107 21845 23130 
255 1285 3855 13107 21845 23130 
255 2570 3855 13107 21845 23130 
255 3084 3855 13107 21845 23130 
15 255 3855 13107 21845 23130 
255 3855 3855 13107 21845 23130 
255 3855 4369 13107 21845 23130 
255 3855 4626 13107 21845 23130 
255 3855 8481 13107 21845 23130 
255 3855 8738 13107 21845 23130 
165 255 3855 13107 21845 23130 
255 3855 13107 21845 23130 23205 
170 255 3855 13107 21845 23130 
255 3855 13107 21845 21930 23130 
255 3855 12336 13107 21845 23130 
51 255 3855 13107 21845 23130 
255 3855 13107 15420 21845 23130 
255 3855 13107 16191 21845 23130 
255 3855 13107 17476 21845 23130 
255 3855 13107 18504 21845 23130 
204 255 3855 13107 21845 23130 
255 3855 13107 13260 21845 23130 
255 3855 13107 20560 21845 23130 
85 255 3855 13107 21845 23130 
255 3855 13107 21845 21845 23130 
90 255 3855 13107 21845 23130 
255 3855 13107 21845 23130 23130 
255 3855 13107 21845 23130 24415 
255 3855 13107 21845 23130 26214 
255 3855 13107 21845 23130 26985 
240 255 3855 13107 21845 23130 
255 3855 4080 13107 21845 23130 
255 3855 13107 21845 23130 30583 
255 3855 13107 21845 23130 31611 
255 3855 13107 13311 21845 23130 
255 3840 3855 13107 21845 24415 
255 3855 13056 13107 21845 24415 
255 3855 13107 21760 21845 24415 
255 3855 13107 21845 22015 24415 
255 3855 13107 21845 24320 24415 
255 3855 13107 21845 24415 24575 
255 771 3855 13107 21845 24415 
255 3855 4095 13107 21845 24415 
255 1285 3855 13107 21845 24415 
0 255 3855 13107 21845 24415 
255 2570 3855 13107 21845 24415 
255 3084 3855 13107 21845 24415 
15 255 3855 13107 21845 24415 
255 3855 3855 13107 21845 24415 
255 3855 4369 13107 21845 24415 
255 3855 4883 13107 21845 24415 
160 255 3855 13107 21845 24415 
255 3855 13107 21845 24415 24480 
255 3855 8738 13107 21845 24415 
255 3855 8224 13107 21845 24415 
170 255 3855 13107 21845 24415 
255 3855 13107 21845 21930 24415 
255 3855 12336 13107 21845 24415 
51 255 3855 13107 21845 24415 
255 3855 13107 15420 21845 24415 
255 3855 13107 16191 21845 24415 
255 3855 13107 17476 21845 24415 
204 255 3855 13107 21845 24415 
255 3855 13107 13260 21845 24415 
255 3855 13107 19532 21845 24415 
255 3855 13107 20560 21845 24415 
85 255 3855 13107 21845 24415 
255 3855 13107 21845 21845 24415 
255 3855 13107 21845 23130 24415 
95 255 3855 13107 21845 24415 
255 3855 13107 21845 24415 24415 
255 3855 13107 21845 24415 26214 
255 3855 13107 21845 24415 27756 
240 255 3855 13107 21845 24415 
255 3855 4080 13107 21845 24415 
255 3855 13107 21845 24415 30583 
255 3855 13107 21845 24415 32639 
255 3855 13107 13311 21845 24415 
255 3840 3855 13107 21845 26214 
255 3855 13056 13107 21845 26214 
255 3855 13107 21760 21845 26214 
255 3855 13107 21845 22015 26214 
255 3855 13107 21845 26112 26214 
255 3855 13107 21845 26214 26367 
255 771 3855 13107 21845 26214 
255 3855 4095 13107 21845 26214 
255 1285 3855 13107 21845 26214 
255 1542 3855 13107 21845 26214 
255 2570 3855 13107 21845 26214 
255 2313 3855 13107 21845 26214 
255 3084 3855 13107 21845 26214 
15 255 3855 13107 21845 26214 
255 3855 4369 13107 21845 26214 
153 255 3855 13107 21845 26214 
255 3855 13107 21845 26214 26265 
255 3855 8738 13107 21845 26214 
170 255 3855 13107 21845 26214 
255 3855 13107 21845 21930 26214 
255 3855 12336 13107 21845 26214 
51 255 3855 13107 21845 26214 
255 3855 13107 13107 21845 26214 
255 3855 13107 15420 21845 26214 
255 3855 13107 16191 21845 26214 
255 3855 13107 17476 21845 26214 
204 255 3855 13107 21845 26214 
255 3855 13107 13260 21845 26214 
255 3855 13107 20560 21845 26214 
85 255 3855 13107 21845 26214 
255 3855 13107 21845 21845 26214 
255 3855 13107 21845 23130 26214 
255 3855 13107 21845 24415 26214 
255 3855 13107 21845 24672 26214 
102 255 3855 13107 21845 26214 
255 3855 13107 21845 26214 26214 
255 3855 13107 21845 26214 26985 
255 3855 13107 21845 26214 28527 
240 255 3855 13107 21845 26214 
255 3855 4080 13107 21845 26214 
255 3855 13107 21845 26214 30583 
255 3855 13107 13311 21845 26214 
0 240 255 3855 13107 21845 
240 255 3840 3855 13107 21845 
240 255 3855 13056 13107 21845 
240 255 3855 13059 13107 21845 
240 255 3855 13107 13311 21845 
240 255 3855 13107 21765 21845 
240 255 255 3855 13107 21845 
240 255 3855 13107 21760 21845 
240 255 3855 13107 21845 22015 
240 255 771 3855 13107 21845 
240 255 1285 3855 13107 21845 
240 255 2570 3855 13107 21845 
240 255 3084 3855 13107 21845 
240 255 3855 3855 13107 21845 
15 240 255 3855 13107 21845 
240 255 3855 4369 13107 21845 
160 240 255 3855 13107 21845 
240 255 3855 8738 13107 21845 
240 255 3855 13107 21845 21925 
170 240 255 3855 13107 21845 
240 255 3855 13107 21845 21930 
48 240 255 3855 13107 21845 
240 255 3855 12336 13107 21845 
51 240 255 3855 13107 21845 
240 255 3855 13107 15420 21845 
240 255 3855 13107 16191 21845 
192 240 255 3855 13107 21845 
240 255 3855 13107 13251 21845 
240 255 3855 13107 17476 21845 
204 240 255 3855 13107 21845 
240 255 3855 13107 13260 21845 
80 240 255 3855 13107 21845 
240 255 3855 13107 20560 21845 
85 240 255 3855 13107 21845 
240 255 3855 13107 21845 23130 
240 255 3855 13107 21845 24415 
240 255 3855 13107 21845 26214 
240 240 255 3855 13107 21845 
240 255 3855 4080 13107 21845 
240 255 3855 13107 13299 21845 
240 255 3855 13107 21845 22005 
240 255 3855 13107 21845 30583 
240 255 3855 4095 13107 21845 
255 3840 3855 4080 13107 21845 
255 3855 4080 13056 13107 21845 
255 3855 4080 13107 21760 21845 
255 3855 4080 13107 21845 22015 
255 255 3855 4080 13107 21845 
255 771 3855 4080 13107 21845 
255 3855 4080 4095 13107 21845 
255 1285 3855 4080 13107 21845 
255 3855 4080 12291 13107 21845 
255 3855 4080 13107 20485 21845 
255 2570 3855 4080 13107 21845 
255 3084 3855 4080 13107 21845 
255 3855 3855 4080 13107 21845 
15 255 3855 4080 13107 21845 
255 3855 4080 4369 13107 21845 
255 2720 3855 4080 13107 21845 
255 3855 4080 8738 13107 21845 
255 3855 4080 13107 21845 23205 
170 255 3855 4080 13107 21845 
255 3855 4080 13107 21845 21930 
255 3855 4080 12336 13107 21845 
255 816 3855 4080 13107 21845 
51 255 3855 4080 13107 21845 
255 3855 4080 13107 15420 21845 
255 3855 4080 13107 16191 21845 
255 3264 3855 4080 13107 21845 
255 3855 4080 13107 15555 21845 
255 3855 4080 13107 17476 21845 
204 255 3855 4080 13107 21845 
255 3855 4080 13107 13260 21845 
255 3855 4080 13107 20560 21845 
255 1360 3855 4080 13107 21845 
85 255 3855 4080 13107 21845 
255 3855 4080 13107 21845 23130 
255 3855 4080 13107 21845 24415 
255 3855 4080 13107 21845 26214 
240 255 3855 4080 13107 21845 
255 3855 4080 4080 13107 21845 
255 3855 4080 13107 16371 21845 
255 3855 4080 13107 21845 24565 
255 3855 4080 13107 21845 30583 
255 3855 4080 13107 13311 21845 
255 3840 3855 13107 21845 30583 
255 3855 13056 13107 21845 30583 
255 3855 13107 21760 21845 30583 
255 3855 13107 21845 22015 30583 
255 3855 13107 21845 30464 30583 
255 3855 13107 21845 30583 30719 
255 771 3855 13107 21845 30583 
255 3855 4095 13107 21845 30583 
136 255 3855 13107 21845 30583 
255 3855 13107 21845 30583 30600 
255 1285 3855 13107 21845 30583 
255 2570 3855 13107 21845 30583 
255 3084 3855 13107 21845 30583 
255 1799 3855 13107 21845 30583 
255 2056 3855 13107 21845 30583 
15 255 3855 13107 21845 30583 
255 3855 4369 13107 21845 30583 
0 255 3855 13107 21845 30583 
255 3855 8738 13107 21845 30583 
170 255 3855 13107 21845 30583 
255 3855 13107 21845 21930 30583 
255 3855 12336 13107 21845 30583 
51 255 3855 13107 21845 30583 
255 3855 13107 13107 21845 30583 
255 3855 13107 15420 21845 30583 
255 3855 13107 16191 21845 30583 
255 3855 13107 17476 21845 30583 
204 255 3855 13107 21845 30583 
255 3855 13107 13260 21845 30583 
255 3855 13107 20560 21845 30583 
85 255 3855 13107 21845 30583 
255 3855 13107 21845 21845 30583 
255 3855 13107 21845 23130 30583 
255 3855 13107 21845 24415 30583 
255 3855 13107 21845 26214 30583 
240 255 3855 13107 21845 30583 
255 3855 4080 13107 21845 30583 
255 3855 13107 21845 28784 30583 
119 255 3855 13107 21845 30583 
255 3855 13107 21845 30583 32639 
255 3855 13107 21845 30583 30840 
255 3855 13107 21845 30583 30583 
255 3855 13107 13311 21845 30583 
255 3840 3855 13107 13311 21845 
255 3855 13056 13107 13311 21845 
255 255 3855 13107 13311 21845 
0 255 3855 13107 13311 21845 
255 3855 13107 13311 21760 21845 
255 3855 13107 13311 21845 22015 
255 771 3855 13107 13311 21845 
255 3855 4095 13107 13311 21845 
255 3072 3855 13107 13311 21845 
255 1285 3855 13107 13311 21845 
255 2570 3855 13107 13311 21845 
255 3084 3855 13107 13311 21845 
15 255 3855 13107 13311 21845 
255 783 3855 13107 13311 21845 
255 3855 4369 13107 13311 21845 
255 3855 13107 13311 17408 21845 
255 3855 8738 13107 13311 21845 
170 255 3855 13107 13311 21845 
255 3855 13107 13311 21845 21930 
255 3855 8874 13107 13311 21845 
255 3855 13107 13311 21845 26282 
255 3855 12336 13107 13311 21845 
51 255 3855 13107 13311 21845 
255 3855 13107 13107 13311 21845 
255 3855 13107 13311 21845 30719 
255 3855 13107 13311 15420 21845 
255 3855 13107 13311 16191 21845 
255 3855 13107 13311 17476 21845 
204 255 3855 13107 13311 21845 
255 3855 13107 13260 13311 21845 
255 3855 13107 13311 20560 21845 
85 255 3855 13107 13311 21845 
255 3855 4437 13107 13311 21845 
255 3855 13107 13311 21845 23130 
255 3855 13107 13311 21845 24415 
255 3855 13107 13311 21845 26214 
240 255 3855 13107 13311 21845 
255 3855 4080 13107 13311 21845 
255 3855 12528 13107 13311 21845 
255 3855 13107 13311 15600 21845 
255 3855 13107 13311 21845 30583 
255 3855 13107 13311 16383 21845 
255 3855 13107 13311 13311 21845 
